# Created by Octave 4.2.2, Wed May 15 15:35:57 2019 EDT <eric@Thinkpad>
# name: W
# type: matrix
# rows: 1
# columns: 1000
 -79.58492167762491 -48.40754640886339 -46.7227982839098 -36.10957043342668 -79.64687145964449 -78.53227665402028 -45.14080284656709 -13.16863911954564 -62.63541727654055 -35.34684115503639 -22.6873729326768 -65.58295556706224 -52.34354168162841 -44.13252606957332 -54.70166535618142 -86.32923512928153 -5.495297763468308 -34.37802306234614 -27.78153582417303 -54.60814603702259 -50.5745586583632 -30.81313011249484 -62.62277418848944 -85.19533188958967 -33.81452945504952 -44.93852000898827 -25.72058738697319 -62.89786534855767 -83.67705025511353 -53.16844407785052 -52.35265351884565 -116.1874423120114 -35.81927378581413 -55.98198667541731 -64.65628047602293 -80.86848079989534 -38.51056903594044 -49.198737219035 -91.59696877714993 -40.63847938068233 -54.34400980538755 -26.48896540579765 -74.21647217273745 -54.88119434571313 -64.2722027555958 -63.31286419017044 -14.87581298909295 -38.03457651743699 -29.32531965862458 -53.00916671088833 -84.78199395298267 -75.215184587121 -77.2410677014979 -31.12493380208853 -57.40365756912441 1.9728628528173 -91.39975164491347 -68.62378162514919 -76.1190628719317 -86.57864489771205 -17.80077251626643 -36.38022472675038 -75.08958391782176 -37.4779465013053 -59.90400325105187 -54.97751738934614 -59.67795297738185 -35.80012702852999 -79.46869898770258 -67.87927936535078 -64.48752311049823 -45.37445489977461 -62.05707940408769 -83.47421580261036 -50.41510506116598 -44.15237099445862 -11.40288614783739 -45.53732898429334 -76.87368474182247 -55.21291079968122 0.9108834898169889 -45.80016431257874 -78.52366479653293 -60.04068474871121 -46.55921454051262 -31.12070451403528 -42.08740933756265 -61.00009526587193 -50.63751652621357 -43.86567941247745 -25.42834349913917 -41.06596670085024 -42.927727026761 -57.30415723138204 -72.4506968970247 4.810391165473668 -72.26024648758711 -68.09219701167888 -57.08299723933791 -45.60837688354211 -22.85492002046418 -69.91604143168195 -36.24806502208281 -24.9781805915252 -81.31272693278439 -23.69852233052973 -80.29907642399826 -74.78958148740972 -25.23704538993876 -46.93027792546253 -51.25079734109842 -69.57298022306624 -5.271381441533329 -80.26764799514174 -38.47011326996041 -72.06905593748199 -29.58069394377857 -76.00944871861385 -21.77589156348429 -57.46086922262834 -38.45113124756922 -76.32074984321707 -15.96390825728275 -71.2140145676107 -52.71097659518212 -68.35276444450371 -63.04640321693994 -84.7657135954766 -56.18618080017198 -60.94275336402028 -90.07205404844196 -22.73471379870383 -72.2660145540773 -69.81128386025748 -34.51782879480649 -51.09004955982824 -39.24677829432721 -32.92263557846954 -79.56089006944245 -36.73188542801416 -71.40838296267142 -45.68035380575847 -83.72213939196652 -31.28970770593077 -24.93560830680396 -65.84355981550382 -28.42321045530343 -50.02409410118716 -56.76275417089279 -92.85438027818878 -23.40949204355159 -50.33595252695415 -52.26878308382582 -62.06054319910414 -56.84237194280016 -27.36562964714407 -37.59285796465564 -23.35799918734594 -82.43966456809517 -63.57487561061048 -43.47493291621715 -44.7504717094216 -71.90957366852138 -31.02844434157166 -34.59057610671304 -68.71188646237553 -15.07351894424311 -41.33023294519155 -5.841239632565966 -46.92313618308393 -65.48497259113553 -49.78959066109744 -84.93135311346731 -77.8342632867766 -62.53934121330187 -49.30022675790057 -10.62811809446361 -20.64238806350137 -69.55778577562025 -94.8655233105942 -44.74183892041381 -59.25415087639372 -13.92376364422534 -47.0696597210712 -59.97947070526314 -79.88913879423725 -10.53191354649817 -55.99688283595574 -55.15550200050864 -17.43063445021144 -57.04768261437086 -67.19669411549376 -6.530168830600083 -43.50158209365971 -23.6974340082192 -64.57738335459835 -56.70991269060607 -54.43645946288839 -72.14067362659168 -78.65909742541068 -72.04214262790664 -55.20056749807068 -10.6148607510731 -43.13987473653377 -76.37784449957452 -26.52153032517054 -46.82079147253773 -25.08051469052103 -50.5085932179519 -46.39238951221615 -57.15471643812358 -81.16617157186562 -68.0799855922016 -94.79272321922821 -70.14919407619149 -14.80927856131191 -95.18019010646405 -15.93199574459931 -52.92143792092303 -107.3861294376283 -74.1165200559178 -42.54263707146648 -45.97985434216237 -34.01108626369457 -47.07057944526636 -40.12023248539655 -73.37950256257864 2.404714442674333 -47.34617177025113 -67.16684747208492 -61.57679256613652 -47.78218136855049 -30.12079594758753 -115.2048104680048 -53.91915949485177 -85.61856692932568 -34.24277825032019 -74.69689899632669 -48.14374549341548 -78.12506131672073 -71.51294883683158 -55.136515312793 -85.1770779392606 -92.74359293235275 -28.9753684401298 -36.0232017780203 -46.7051794313487 -77.79345051388201 -46.87377305155437 -93.07069209608278 -62.46136062366356 -64.77872297772375 -55.23714506851365 -12.87533112642786 -2.788244432959267 -37.18053606440615 -45.71764665014408 -44.39123108739829 -58.94576583196702 -54.50217836811596 -60.69821600733796 -55.58050965999237 -51.46818937358764 -37.65887252203285 -49.3713170957666 -58.13127176137121 -52.75286843153379 -70.92515516172239 -22.41263642104735 -64.42627396478758 -75.22879165041593 -52.52327896246828 -43.20041465095911 -34.29773488516006 -91.04309032655036 -64.86780172182338 3.546272954241005 -70.73987236531076 -53.78017489129382 -42.95239561674325 -91.52766679962983 -59.99740814202377 -47.53586592034535 -54.19658951888731 -32.19609252033467 -34.2256331851665 -54.9749495390236 -54.1729082536105 -25.15438927571117 -83.0208529824143 8.047656552505437 -37.75946043608301 -41.49144833646888 -68.93521672757355 -68.1997816196527 -27.1783289644919 -47.3769187860422 -25.09975688457997 -35.46995400240455 -71.64385216568431 -99.9265194022277 -90.00044886562162 -93.11526962301173 -54.34213303356064 -31.51633418800799 -63.3196895541768 -59.42197543406328 -63.48800010029764 -82.52626715976709 -32.37302786101172 -24.23848218849281 -22.37182947362944 -15.09260886075167 -83.69644052359993 -42.50835424376717 -38.42707755863102 -90.7501684456636 -9.484924765480471 -75.29386414936222 -55.4236585092638 -33.4243423598272 -26.73418360955825 -73.33949670699585 -11.03588365096294 -68.86732624117239 -34.51320134454505 -44.15676655510434 -39.53285263751242 -64.97835608562511 -52.86981580030386 -117.3980193702885 -36.30214605373204 -75.49378154017505 -76.69109305905144 -80.20816537799027 -75.59853861133577 -56.47635386636165 -66.94025155909462 -63.30085412669313 -63.18447111827102 -73.6210237689496 -15.91273443494949 -59.51895096852729 -71.82305274928029 -9.805541759344287 -58.99386748410383 -49.1791848248203 -48.33018420567655 -30.22191206372471 -85.68969720117818 -53.31649869104074 -51.01704164714135 -64.92678871429798 -25.25990848174963 3.488495602804186 -16.46921468055418 -70.82816252165688 -48.69556181252194 -53.36359545503937 -60.71560406392361 -31.21482331796575 -43.7514150151463 -66.14044285398153 -48.42287123462096 -77.26451415138055 -61.96106513774641 -79.09789607640909 -51.74722607231822 -39.82155366221249 -73.07424958571823 -25.0256797920413 -47.64921906006702 -46.98686465730758 -84.34880427638596 -52.33044715235058 -63.9543928171835 -47.88764885246285 -73.15487173238307 -78.22059490894249 -60.37433545916468 -47.64729060523417 -80.88114483771606 -32.06622779979762 -56.15361488528841 -49.86566289781556 -114.0042157290297 -94.3330618292087 -50.50934646602033 -93.74282479069134 1.93907378784229 -34.89991285163573 4.148276962697537 -95.71468239983598 -73.44766195179368 -36.51001588023401 -29.9114226806865 -24.77119582915307 -104.7097221497625 -51.47152256297613 -53.61616832376187 -19.07957308395502 -33.63714313652562 -63.78847697429524 -67.947008212706 -38.50674421632591 -72.01669670723669 -37.38438949868882 -41.15888358173311 -59.28646995100424 -75.45000481194509 -98.85923181497175 -69.97658233406628 -61.59701380990687 -99.09405582563072 -30.16152308668537 -48.54735044242801 -87.9803601343955 -24.13951165563181 